placar_casa,placar_visitante,data,round,stage,ano,equipe_casa,equipe_visitante,Pts_casa,3P_casa,2P_casa,LL_casa,RT_casa,RO_casa,RD_casa,AS_casa,ER_casa,IA%_casa,3PC_casa,3PT_casa,3P%_casa,2PC_casa,2PT_casa,2P%_casa,LLC_casa,LLT_casa,LL%_casa,EN_casa,BR_casa,B/E_casa,TO_casa,FC_casa,T/FC_casa,ET_casa,VI_casa,EF_casa,Pts_visitante,3P_visitante,2P_visitante,LL_visitante,RT_visitante,RO_visitante,RD_visitante,AS_visitante,ER_visitante,IA%_visitante,3PC_visitante,3PT_visitante,3P%_visitante,2PC_visitante,2PT_visitante,2P%_visitante,LLC_visitante,LLT_visitante,LL%_visitante,EN_visitante,BR_visitante,B/E_visitante,TO_visitante,FC_visitante,T/FC_visitante,ET_visitante,VI_visitante,EF_visitante
76,74,2020-11-16,2,1,2020-2021,Corinthians,Pinheiros,80.6,29.85,35.5,15.25,35.0,9.05,25.95,18.75,13.1,1.4620000000000002,9.95,26.9,36.553000000000004,17.75,35.75,49.745,15.25,18.65,81.81400000000001,1.35,6.5,0.522,2.25,22.2,0.10700000000000001,13.1,2.45,91.65,80.6,25.65,42.599,12.351,34.567,11.317,23.25,18.268,13.867,1.4170000000000003,8.551,23.398999999999994,36.697,21.301000000000005,40.534000000000006,53.242,12.351,17.45,71.788,1.6829999999999998,6.367,0.479,1.518,21.118000000000006,0.06999999999999999,13.867,1.434,88.266
78,82,2020-11-17,2,1,2020-2021,VipTech CMB,Pato Basquete,67.951,26.1,28.801000000000005,13.05,36.54899999999999,12.601,23.951000000000004,14.65,14.300999999999998,1.057,8.701,28.248999999999995,31.308000000000003,14.399000000000001,34.0,42.42400000000001,13.05,19.550999999999995,66.21300000000001,0.55,5.398999999999999,0.40800000000000003,2.1990000000000003,21.601000000000006,0.10800000000000001,14.300999999999998,2.25,66.8,72.55,19.7,37.1,15.75,33.667,10.75,22.917,16.883000000000003,12.183,1.421,6.567,21.55,30.45,18.55,41.817,43.778999999999996,15.75,21.4,73.743,0.9,6.567,0.5509999999999999,1.517,21.75,0.07200000000000002,12.183,2.9170000000000003,75.1
69,67,2020-11-17,2,1,2020-2021,UNIFACISA,Fortaleza B. C. / CFO,84.283,31.75,39.867000000000004,12.667,37.2,10.533,26.667,18.717000000000002,12.383,1.627,10.583,29.6,35.491,19.933,37.267,53.904999999999994,12.667,16.517000000000003,76.08500000000001,1.9829999999999999,6.0,0.5050000000000001,2.2670000000000003,20.167,0.11800000000000002,12.383,2.15,95.88300000000001,76.0,24.75,40.0,11.25,34.04899999999999,7.9510000000000005,26.101000000000006,15.749,12.549,1.267,8.25,24.701000000000004,32.961,20.0,38.45,51.82000000000001,11.25,16.05,70.581,1.351,7.1,0.5690000000000002,2.4490000000000003,21.2,0.11499999999999999,12.549,2.401,83.1
75,112,2020-11-17,2,1,2020-2021,Mogi,São Paulo,81.651,29.4,39.701,12.55,33.9,10.549000000000001,23.351,17.4,14.1,1.275,9.8,27.799,35.411,19.849,37.851,52.57499999999999,12.55,17.051,74.699,1.199,7.549000000000001,0.549,2.45,20.2,0.12500000000000003,14.1,1.8509999999999998,88.351,94.467,40.4,38.467,15.6,42.4,11.733,30.667,18.7,11.433,1.643,13.466999999999999,34.632999999999996,38.638,19.232999999999997,32.3,59.626,15.6,21.333,73.677,3.1,5.333,0.479,2.633,17.2,0.156,11.433,2.2670000000000003,112.133
84,69,2020-11-18,2,1,2020-2021,Caxias do Sul Basquete,Brasília,73.36699999999999,21.5,34.667,17.2,34.4,9.267,25.133,13.966999999999999,15.233,0.962,7.167,20.933,34.703,17.333,36.632999999999996,47.813,17.2,24.1,71.561,0.9,8.333,0.5370000000000001,1.8329999999999997,24.032999999999998,0.088,15.233,2.967,76.7,74.46600000000001,22.65,35.866,15.95,34.9,9.5,25.4,16.683999999999997,15.516000000000002,1.129,7.55,23.165999999999997,32.287,17.934000000000005,35.916,50.094,15.95,22.165999999999997,72.654,0.8160000000000001,5.284000000000001,0.357,1.6,14.633999999999997,0.11200000000000002,15.516000000000002,2.95,77.6
81,83,2020-11-18,2,1,2020-2021,Cerrado,Bauru Basket,73.67,26.0,35.33,12.33,33.33,12.33,21.0,12.67,13.67,0.93,8.67,26.0,33.33,17.67,37.33,47.32,12.33,15.67,78.72,0.33,6.67,0.49,2.67,18.67,0.14,13.67,2.33,75.0,80.266,22.9,41.2,16.166000000000004,35.965999999999994,10.734,25.234,14.765999999999996,12.134,1.241,7.634,23.7,32.269999999999996,20.6,40.766,50.894999999999996,16.166000000000004,21.034000000000002,77.169,1.266,7.434,0.6140000000000001,1.6,20.7,0.08300000000000002,12.134,1.9,86.8
75,74,2020-11-18,2,1,2020-2021,Paulistano,Corinthians,81.067,29.6,37.932,13.534,40.568,13.034,27.532999999999998,18.267000000000003,13.2,1.552,9.867,30.601,32.836,18.968,35.466,53.607000000000006,13.534,17.7,76.01599999999999,2.7009999999999996,4.933,0.384,1.9,19.333,0.096,13.2,2.6,92.13300000000001,80.7,30.6,35.2,14.9,34.9,8.9,26.0,19.1,13.5,1.453,10.2,27.0,37.407000000000004,17.6,35.2,50.055,14.9,18.2,81.901,1.5,6.5,0.51,2.6,22.3,0.123,13.5,2.7,92.6
85,76,2020-11-19,2,1,2020-2021,Pato Basquete,UNIFACISA,72.6,19.9,36.2,16.5,35.334,11.3,24.034000000000002,16.466,12.466,1.342,6.634,22.0,30.051000000000005,18.1,41.734,42.942,16.5,22.0,75.50500000000001,0.8,6.434,0.5229999999999999,1.634,21.9,0.07700000000000003,12.466,3.0340000000000003,75.5,84.16600000000001,31.1,40.534000000000006,12.534,36.8,10.466,26.334000000000003,18.634000000000004,11.766,1.67,10.366,29.7,34.416999999999994,20.266,37.934000000000005,53.92399999999999,12.534,16.134000000000004,76.73400000000001,1.6659999999999997,6.5,0.554,2.2340000000000004,20.134000000000004,0.11600000000000003,11.766,1.9,95.96600000000001
67,82,2020-11-19,2,1,2020-2021,Fortaleza B. C. / CFO,Minas,75.4,24.9,39.1,11.4,34.349,8.401,25.951000000000004,15.549000000000001,12.498999999999999,1.2559999999999998,8.3,25.101000000000006,32.664,19.55,38.4,50.751999999999995,11.4,16.4,69.60300000000001,1.401,7.1,0.5710000000000001,2.399,21.05,0.11400000000000002,12.498999999999999,2.5509999999999997,81.65,85.9,25.95,46.001000000000005,13.949000000000002,36.85,8.399,28.451000000000004,18.9,14.349,1.312,8.65,23.401000000000003,36.894,22.998999999999995,40.349,56.726,13.949000000000002,19.251000000000005,71.44000000000001,2.1989999999999994,8.449,0.579,2.15,21.601000000000006,0.10099999999999998,14.349,2.55,100.5
73,100,2020-11-19,2,1,2020-2021,Pinheiros,São Paulo,81.5,25.5,43.398999999999994,12.601,34.634,11.434000000000001,23.2,18.835,14.034,1.4420000000000002,8.501000000000001,22.999000000000002,37.212,21.701,41.167,53.559000000000005,12.601,17.9,71.026,1.666,6.234,0.46699999999999997,1.535,21.435000000000002,0.07,14.034,1.467,89.43299999999999,96.83399999999999,42.1,38.434000000000005,16.3,41.5,11.166,30.334000000000003,19.4,11.366,1.717,14.034,34.315999999999995,40.681,19.215999999999998,32.55,59.184000000000005,16.3,21.865999999999996,75.37100000000001,3.2,5.866,0.533,2.6159999999999997,17.15,0.156,11.366,2.2840000000000003,115.66599999999998
94,82,2020-11-19,2,1,2020-2021,Sesi Franca,Mogi,88.6,31.2,41.8,15.6,34.934000000000005,9.234,25.7,19.266,11.934000000000001,1.645,10.4,25.834000000000003,40.124,20.9,37.465999999999994,56.05300000000001,15.6,18.0,87.84700000000001,2.066,7.034000000000001,0.5980000000000001,2.3659999999999997,18.034000000000002,0.14,11.934000000000001,1.666,105.86600000000001,81.134,30.0,38.934000000000005,12.2,34.0,10.866,23.134,17.7,14.8,1.242,10.0,28.266,35.51800000000001,19.466,37.534000000000006,51.988,12.2,16.434,76.023,1.266,7.766,0.5439999999999999,2.3,20.6,0.11500000000000002,14.8,2.134,87.534
72,61,2020-11-20,2,1,2020-2021,Paulistano,Cerrado,81.434,27.7,39.464999999999996,14.267000000000001,40.035000000000004,12.267,27.766,17.934000000000005,13.4,1.4819999999999998,9.234,28.801,32.696999999999996,19.735000000000003,36.033,55.031000000000006,14.267000000000001,18.4,77.405,2.601,5.366,0.41800000000000004,2.0,18.965999999999998,0.10400000000000001,13.4,2.6,93.36600000000001,73.67,26.0,35.33,12.33,33.33,12.33,21.0,12.67,13.67,0.93,8.67,26.0,33.33,17.67,37.33,47.32,12.33,15.67,78.72,0.33,6.669999999999999,0.49,2.67,18.67,0.14,13.67,2.33,75.0
74,54,2020-11-20,2,1,2020-2021,Bauru Basket,Caxias do Sul Basquete,81.24900000000001,23.7,41.6,15.949000000000003,36.099,10.851,25.251000000000005,15.249,12.101,1.2900000000000003,7.901000000000001,24.15,32.9,20.8,40.699,51.444,15.949000000000003,20.451000000000004,78.261,1.249,7.801,0.6500000000000001,1.55,21.0,0.08000000000000003,12.101,1.95,89.2,72.234,19.6,35.734,16.9,34.3,9.334,24.965999999999998,13.834,15.466000000000003,0.9269999999999999,6.534000000000001,20.766,32.388999999999996,17.865999999999996,36.465999999999994,49.425999999999995,16.9,23.8,70.89399999999999,1.0,8.466,0.5410000000000001,2.066,23.465999999999998,0.1,15.466000000000003,2.934,75.7
78,63,2020-11-20,2,1,2020-2021,Flamengo,VipTech CMB,88.049,34.95,35.801,17.298000000000002,40.451,10.099,30.349,22.451000000000004,12.599999999999998,1.7839999999999996,11.651,31.3,37.56799999999999,17.899,32.202000000000005,55.693000000000005,17.298000000000002,22.749000000000002,75.966,1.3,7.252000000000001,0.576,2.251,15.999999999999996,0.139,12.599999999999998,1.9490000000000003,108.44800000000001,69.601,27.6,29.001000000000005,13.0,36.29899999999999,12.501000000000001,23.801000000000005,15.2,15.100999999999999,1.0219999999999998,9.201,28.398999999999994,32.906000000000006,14.499,33.6,43.05800000000001,13.0,19.100999999999996,67.735,0.7,5.2989999999999995,0.358,2.399,21.001000000000005,0.11800000000000002,15.100999999999999,2.5,69.3
90,96,2020-11-21,2,1,2020-2021,São Paulo,Sesi Franca,99.201,43.8,38.401,17.0,40.6,10.599,30.001000000000005,20.1,11.299,1.791,14.600999999999999,33.998999999999995,42.724000000000004,19.198999999999995,32.8,58.742,17.0,22.398999999999994,77.06500000000001,3.3,6.398999999999999,0.5870000000000001,2.5989999999999993,17.1,0.15600000000000006,11.299,2.3010000000000006,119.199,89.05,31.65,41.3,16.1,34.95100000000001,9.701,25.25,19.448999999999995,12.251000000000001,1.614,10.55,26.151000000000003,40.188,20.65,37.398999999999994,55.489,16.1,18.55,87.998,2.0989999999999993,7.101000000000001,0.5880000000000001,2.3489999999999993,18.251000000000005,0.13599999999999998,12.251000000000001,1.6990000000000003,105.849
108,99,2020-11-21,2,1,2020-2021,Minas,UNIFACISA,87.75,26.85,46.401,14.499,37.25,8.399,28.851000000000006,19.6,14.299000000000001,1.364,8.95,23.651000000000003,37.733000000000004,23.198999999999995,40.349,57.21999999999999,14.499,19.701,72.614,2.249,8.149,0.561,2.2,21.851000000000006,0.10200000000000001,14.299000000000001,2.55,103.6,83.84900000000002,29.25,41.301,13.300999999999998,37.4,10.849,26.551000000000005,18.151000000000003,11.799,1.625,9.748999999999999,29.15,32.897,20.648999999999994,39.251000000000005,53.12299999999999,13.300999999999998,17.051000000000005,77.525,1.349,6.5,0.5520000000000002,2.2010000000000005,20.351000000000006,0.11300000000000002,11.799,1.8,94.549
84,78,2020-11-21,2,1,2020-2021,Brasília,Pinheiros,74.49900000000001,22.5,36.199,15.8,34.8,9.4,25.4,16.800999999999995,15.899000000000004,1.105,7.5,22.998999999999995,32.327,18.101000000000006,35.699,50.88699999999999,15.8,22.398999999999994,71.11999999999999,0.799,5.301,0.34600000000000003,1.6,14.200999999999999,0.11499999999999999,15.899000000000004,3.2,77.4,80.8,25.65,42.699,12.451,35.051,11.451,23.6,18.752000000000002,14.651,1.3680000000000003,8.551,22.649,38.09,21.351,41.75,52.074,12.451,17.35,72.26100000000001,1.399,5.9510000000000005,0.42400000000000004,1.252,21.352000000000004,0.05700000000000001,14.651,1.7,87.74999999999999
62,86,2020-11-22,2,1,2020-2021,Caxias do Sul Basquete,Paulistano,72.201,18.9,36.20100000000001,17.1,34.5,9.401,25.098999999999997,13.401,14.899000000000001,0.9369999999999999,6.301,20.698999999999995,31.508000000000003,18.098999999999997,36.898999999999994,49.50899999999999,17.1,24.3,69.89399999999999,1.0,8.299,0.5440000000000002,2.2989999999999995,23.098999999999997,0.11200000000000002,14.899000000000001,3.1010000000000004,75.4,81.90099999999998,27.3,40.26499999999999,14.333000000000002,39.73500000000001,11.733,27.998999999999995,17.901000000000003,13.1,1.513,9.101,27.734,33.295,20.135,36.667,55.199,14.333000000000002,18.1,79.25699999999999,2.434,5.598999999999999,0.449,2.2,18.698999999999995,0.11699999999999999,13.1,2.6,95.299
105,70,2020-11-22,2,1,2020-2021,Flamengo,Pato Basquete,89.26599999999999,35.7,36.001000000000005,17.564999999999998,41.034000000000006,10.266,30.766,22.501000000000005,12.733,1.768,11.901,32.1,37.43499999999999,17.999000000000002,31.835,56.64300000000001,17.564999999999998,22.766,77.15,1.233,7.535000000000001,0.592,2.401,15.866999999999999,0.15,12.733,1.966,110.76500000000001,73.6,19.8,37.8,16.0,36.101000000000006,11.7,24.401000000000003,16.399000000000004,11.998999999999999,1.3700000000000003,6.601000000000001,22.2,29.581000000000007,18.9,42.901,43.742999999999995,16.0,21.1,76.26700000000002,0.8,6.301,0.5279999999999999,1.501,21.4,0.07300000000000002,11.998999999999999,2.8010000000000006,77.2
71,85,2020-11-23,3,1,2020-2021,Brasília,Corinthians,73.44900000000001,22.2,35.699,15.55,34.75,9.05,25.7,16.250999999999998,15.499,1.1139999999999999,7.4,22.348999999999997,32.931,17.851000000000006,36.099,49.815999999999995,15.55,22.148999999999994,70.88799999999999,0.649,4.851000000000001,0.315,1.65,15.050999999999998,0.11300000000000002,15.499,3.2,75.65,80.7,31.35,33.9,15.45,35.7,9.3,26.4,18.45,13.45,1.403,10.45,28.2,36.86600000000001,16.95,34.45,49.396,15.45,18.9,81.77799999999999,1.5,6.35,0.499,2.5,22.05,0.119,13.45,2.9,91.55
81,75,2020-11-23,3,1,2020-2021,Mogi,Cerrado,81.167,30.75,38.067,12.35,33.8,10.683,23.117,18.25,14.9,1.274,10.25,28.232999999999997,36.453,19.032999999999998,36.817,51.86800000000001,12.35,16.517000000000003,76.588,1.133,7.833,0.5459999999999999,2.2,20.95,0.10700000000000001,14.9,2.217,88.417,73.0025,25.125,34.7475,13.1225,33.3725,11.6225,21.75,13.8775,13.0025,1.095,8.3775,25.375,32.975,17.3775,36.3725,47.8025,13.1225,16.752499999999998,78.41499999999999,0.7475,7.0024999999999995,0.55,2.1275,19.3775,0.11000000000000001,13.0025,2.2475,76.75
67,63,2020-11-25,3,1,2020-2021,Cerrado,Caxias do Sul Basquete,72.602,24.6,34.398,13.598000000000003,33.398,11.198,22.2,14.601999999999999,12.602,1.194,8.202,25.0,32.762,17.202,35.798,48.092,13.598000000000003,17.401999999999997,78.232,0.998,7.202,0.5860000000000001,1.802,19.802,0.09200000000000001,12.602,2.198,77.8,69.001,18.0,34.401,16.6,34.0,9.601,24.398999999999994,13.001,14.399000000000001,0.9399999999999998,6.001,19.998999999999995,30.965000000000003,17.199,34.998999999999995,49.50899999999999,16.6,23.1,70.83,0.9,7.199,0.502,2.3989999999999996,21.698999999999995,0.11800000000000002,14.399000000000001,3.0010000000000003,72.9
81,87,2020-11-28,3,1,2020-2021,Corinthians,Mogi,80.7,32.1,32.6,16.0,36.5,9.7,26.8,17.8,13.4,1.3530000000000002,10.7,29.4,36.325,16.3,33.7,48.736999999999995,16.0,19.6,81.655,1.5,6.2,0.488,2.4,21.8,0.11500000000000002,13.4,3.1,90.5,81.2,31.5,37.2,12.5,33.6,10.5,23.1,18.8,15.0,1.306,10.5,28.2,37.388,18.6,36.1,51.748000000000005,12.5,16.6,77.15299999999999,1.0,7.9,0.5479999999999999,2.1,21.3,0.099,15.0,2.3,89.3
67,75,2020-12-02,4,1,2020-2021,Cerrado,UNIFACISA,72.55666666666666,24.0,34.998333333333335,13.553333333333335,34.553333333333335,11.11,23.445000000000004,14.334999999999999,12.668333333333331,1.1616666666666666,8.001666666666667,25.111666666666668,31.846666666666668,17.50166666666667,36.11000000000001,48.48333333333333,13.553333333333335,17.723333333333333,76.68833333333333,0.9983333333333334,6.89,0.5566666666666668,1.835,19.94666666666667,0.09333333333333334,12.668333333333331,2.0533333333333332,77.61166666666666,83.93200000000002,28.0,42.334,13.600999999999999,38.233,11.331999999999999,26.901000000000003,17.534,11.966,1.557,9.331999999999999,28.7,32.053999999999995,21.165999999999997,40.134,53.157,13.600999999999999,17.401,78.001,1.166,6.433,0.539,2.1680000000000006,20.701000000000004,0.11000000000000001,11.966,1.7670000000000001,94.19900000000001
85,78,2020-12-02,4,1,2020-2021,Fortaleza B. C. / CFO,Caxias do Sul Basquete,75.8,25.1,38.132999999999996,12.567,35.13199999999999,8.868,26.268,14.999,12.466,1.2159999999999997,8.367,25.134000000000004,32.915,19.067,38.333,49.619000000000014,12.567,18.1,69.00399999999999,1.401,7.2,0.58,2.532,21.433,0.11800000000000002,12.466,2.568,81.63300000000001,68.268,17.9,34.001000000000005,16.366999999999997,33.9,10.101,23.798999999999996,12.468,14.199000000000002,0.9149999999999998,5.968000000000001,21.299,27.76,16.999000000000002,34.465999999999994,49.605,16.366999999999997,22.933,70.344,0.833,7.066,0.49700000000000005,2.2659999999999996,22.031999999999993,0.11199999999999999,14.199000000000002,2.934,70.4
105,100,2020-12-02,4,1,2020-2021,Minas,BRB/Brasília,89.967,27.3,46.934000000000005,15.732,38.0,8.799,29.201000000000004,20.133,14.232,1.4060000000000001,9.1,24.368000000000002,37.26800000000001,23.466,40.366,57.855999999999995,15.732,20.833999999999996,74.276,2.2990000000000004,7.965999999999999,0.551,2.133,22.268,0.097,14.232,2.633,106.7,79.0,32.0,27.33,19.67,38.33,14.33,24.0,13.33,17.67,0.75,10.67,35.33,30.19,13.67,29.67,46.07,19.67,26.33,74.68,1.33,6.0,0.34,2.33,19.33,0.12,17.67,4.33,74.0
64,86,2020-12-03,4,1,2020-2021,Pato Basquete,Sesi Franca,72.6,18.45,38.4,15.75,35.001000000000005,11.35,23.651000000000003,15.499,11.849,1.31,6.151000000000001,21.85,27.76,19.2,43.151,44.11599999999999,15.75,21.1,74.70500000000001,0.75,6.4510000000000005,0.5509999999999999,1.401,21.9,0.06700000000000002,11.849,2.5010000000000003,74.1,87.7,30.6,40.7,16.4,36.20100000000001,10.251000000000001,25.95,19.398999999999994,12.901,1.536,10.2,26.201000000000004,38.575,20.35,37.748999999999995,54.266999999999996,16.4,19.05,87.42,2.0489999999999995,6.801,0.544,2.249,18.701000000000004,0.125,12.901,1.549,103.39900000000003
62,95,2020-12-03,4,1,2020-2021,Pinheiros,Flamengo,79.0,25.8,41.199,12.001000000000001,35.151,11.051,24.1,18.352000000000004,15.251,1.276,8.601,22.699,38.235,20.601,41.699999999999996,50.272000000000006,12.001000000000001,16.85,71.32400000000001,1.049,5.9510000000000005,0.398,1.252,21.152000000000005,0.05900000000000001,15.251,1.8,84.39999999999999,90.73299999999999,37.65,35.70100000000001,17.381999999999998,42.567,11.183,31.383,22.351,12.666,1.765,12.551,33.75,37.523999999999994,17.849,31.868000000000002,56.15200000000001,17.381999999999998,22.433,77.462,1.216,7.768000000000001,0.617,2.3009999999999997,15.684000000000001,0.14500000000000002,12.666,1.8829999999999998,112.78200000000001
92,79,2020-12-03,4,1,2020-2021,São Paulo,VipTech CMB,98.15099999999998,43.05,38.70100000000001,16.4,40.95,10.799,30.151000000000003,19.9,11.399,1.7530000000000001,14.350999999999999,33.748999999999995,42.247,19.348999999999997,33.75,57.513,16.4,21.748999999999995,76.334,3.35,6.898999999999999,0.631,2.9489999999999994,17.2,0.17600000000000002,11.399,2.0510000000000006,118.299,71.201,28.5,30.101000000000006,12.6,37.54899999999999,12.601,24.951,15.35,15.151,1.029,9.501000000000001,27.898999999999994,34.346000000000004,15.049000000000001,34.2,43.919000000000004,12.6,19.151,65.197,0.7,5.199,0.346,2.399,21.000999999999998,0.118,15.151,2.75,72.45
63,94,2020-12-04,4,1,2020-2021,Caxias do Sul Basquete,Minas,68.43499999999999,19.3,34.601000000000006,14.533999999999997,33.9,10.201,23.699,12.934999999999999,13.499,0.9599999999999997,6.4350000000000005,22.399,28.709000000000003,17.299,35.433,49.059999999999995,14.533999999999997,20.565999999999995,69.824,0.966,6.233,0.46799999999999997,2.1330000000000005,21.365,0.10900000000000001,13.499,2.6669999999999994,70.0,87.434,27.3,44.667,15.464999999999998,38.3,9.099,29.201,19.165999999999997,13.665000000000001,1.4,9.1,24.535000000000004,37.05200000000001,22.333000000000006,39.733,56.19599999999999,15.464999999999998,20.266999999999996,74.934,2.099,7.233,0.5290000000000001,2.1659999999999995,21.835,0.1,13.665000000000001,2.6659999999999995,103.0
91,74,2020-12-04,4,1,2020-2021,UNIFACISA,BRB/Brasília,86.36500000000002,29.3,43.467,13.600999999999999,38.366,11.665,26.701000000000004,17.766999999999996,11.733,1.5889999999999997,9.764999999999999,28.6,33.86399999999999,21.733000000000004,40.667,53.882999999999996,13.600999999999999,17.500999999999998,77.45200000000003,1.233,6.566,0.5549999999999999,2.035,21.201000000000004,0.09899999999999999,11.733,1.8340000000000003,97.69900000000001,79.0,32.0,27.33,19.67,38.33,14.33,24.0,13.33,17.67,0.75,10.67,35.33,30.19,13.67,29.67,46.07,19.67,26.33,74.68,1.33,6.0,0.34,2.33,19.33,0.12,17.67,4.33,74.0
69,62,2020-12-04,4,1,2020-2021,Paulistano,Mogi,81.50099999999999,26.7,40.73199999999999,14.065999999999999,40.168000000000006,11.466,28.698999999999995,18.201000000000004,12.9,1.5589999999999997,8.901,26.867,33.391000000000005,20.368000000000002,37.534000000000006,54.63000000000001,14.065999999999999,17.9,78.47,2.2670000000000003,5.999,0.488,2.2,18.998999999999995,0.11699999999999999,12.9,2.5,96.19900000000001,80.3,31.2,36.6,12.5,34.4,10.1,24.3,19.0,14.5,1.344,10.4,28.8,36.233999999999995,18.3,35.0,52.19500000000001,12.5,17.0,75.82,1.2,7.6,0.5449999999999999,1.9,21.5,0.088,14.5,2.1,89.1
73,75,2020-12-04,4,1,2020-2021,Cerrado,Fortaleza B. C. / CFO,72.52428571428571,23.571428571428573,35.42714285714286,13.521428571428572,35.378571428571426,11.047142857142857,24.33428571428572,14.144285714285713,12.715714285714284,1.1385714285714286,7.8585714285714285,25.191428571428577,31.192857142857147,17.715714285714288,36.33285714285715,48.762857142857136,13.521428571428572,17.95285714285714,75.58571428571429,0.9985714285714286,6.667142857142856,0.5357142857142858,1.8585714285714285,20.050000000000004,0.09428571428571429,12.715714285714284,1.95,77.47714285714287,75.7,25.6,37.465999999999994,12.634,35.364999999999995,8.935,26.435000000000002,14.899000000000001,12.832999999999998,1.1699999999999997,8.534,25.166999999999994,33.620999999999995,18.734,38.465999999999994,48.585,12.634,18.1,69.25999999999999,1.301,7.5,0.591,2.7649999999999997,21.365999999999996,0.129,12.832999999999998,2.6350000000000002,81.566
79,66,2020-12-05,4,1,2020-2021,VipTech CMB,Pinheiros,71.101,29.7,29.801,11.6,37.998999999999995,12.201,25.801,16.1,14.700999999999999,1.116,9.901,28.899,34.455,14.899000000000001,33.5,44.361000000000004,11.6,17.801,64.709,0.8,5.398999999999999,0.37299999999999994,2.399,20.601,0.11900000000000002,14.700999999999999,2.8,74.5,76.8,25.8,39.799,11.201,35.001000000000005,10.501000000000001,24.5,18.802000000000003,14.800999999999998,1.318,8.601,22.499000000000002,38.513,19.901,41.8,48.37500000000001,11.201,15.9,70.08500000000001,0.999,5.801,0.4000000000000001,1.6019999999999999,20.702000000000005,0.077,14.800999999999998,1.9,82.69999999999999
71,80,2020-12-05,4,1,2020-2021,Pato Basquete,São Paulo,71.6,17.1,39.0,15.5,33.901,11.0,22.901,14.599,11.699,1.25,5.7010000000000005,21.5,25.939000000000004,19.5,43.401,44.48899999999999,15.5,21.1,73.143,0.7,6.601000000000001,0.574,1.301,22.4,0.06100000000000001,11.699,2.2009999999999996,71.0,97.10099999999998,42.3,39.001000000000005,15.8,41.3,10.998999999999999,30.301000000000005,19.7,11.498999999999999,1.7150000000000003,14.100999999999999,33.498999999999995,41.77,19.499000000000002,34.7,56.28399999999999,15.8,21.098999999999997,75.60300000000001,3.4,7.398999999999999,0.6750000000000002,3.2989999999999995,17.3,0.19600000000000004,11.498999999999999,1.8009999999999997,117.39900000000003
93,62,2020-12-05,4,1,2020-2021,Flamengo,Sesi Franca,92.2,39.6,35.401,17.199,44.1,12.1,32.0,22.201,12.599,1.7619999999999998,13.200999999999999,35.4,37.613,17.699,31.901,55.661,17.199,22.1,77.774,1.199,8.001000000000001,0.642,2.2009999999999996,15.501,0.14000000000000004,12.599,1.8,114.799,85.9,28.2,40.8,16.9,37.70100000000001,10.401,27.3,19.399,13.300999999999998,1.4999999999999998,9.4,25.201000000000004,36.942,20.4,38.998999999999995,52.414,16.9,19.9,86.096,1.7990000000000002,6.401000000000001,0.5050000000000001,2.399,18.901,0.13199999999999998,13.300999999999998,1.399,101.09900000000002
82,67,2020-12-05,4,1,2020-2021,Bauru Basket,Corinthians,82.09900000000002,25.8,40.4,15.899000000000001,35.998999999999995,10.701,25.301000000000005,15.699000000000002,12.101,1.3310000000000002,8.601,24.9,34.812,20.2,39.699,51.105,15.899000000000001,20.401000000000003,78.197,1.299,8.401,0.7050000000000001,1.4,21.1,0.07200000000000002,12.101,1.9,91.2,79.4,32.1,32.0,15.3,35.6,9.2,26.4,17.7,13.9,1.282,10.7,29.4,36.325,16.0,32.7,49.051,15.3,18.9,81.03299999999999,1.7,6.2,0.45599999999999996,2.6,20.8,0.12500000000000003,13.9,3.0,88.6
71,63,2020-12-06,4,1,2020-2021,Fortaleza B. C. / CFO,BRB/Brasília,75.85,24.75,38.099,13.001,36.348,9.202000000000002,27.152000000000005,14.599,12.7,1.1569999999999996,8.251000000000001,24.699999999999996,33.16499999999999,19.051000000000005,39.398999999999994,48.244,13.001,18.65,69.12199999999999,1.301,7.15,0.571,3.1479999999999997,21.748999999999995,0.145,12.7,2.5020000000000002,81.94900000000001,79.0,32.0,27.33,19.67,38.33,14.33,24.0,13.33,17.67,0.75,10.67,35.33,30.19,13.67,29.67,46.07,19.67,26.33,74.68,1.33,6.0,0.34,2.33,19.33,0.12,17.67,4.33,74.0
97,77,2020-12-06,4,1,2020-2021,Minas,Cerrado,88.50099999999999,27.9,44.3,16.297999999999995,39.35,9.849,29.500999999999998,19.798999999999996,13.847999999999999,1.429,9.3,25.202000000000005,36.904,22.150000000000006,39.50000000000001,56.072,16.297999999999995,21.049999999999994,75.779,1.749,7.35,0.53,2.1989999999999994,21.952000000000005,0.101,13.847999999999999,2.7489999999999997,105.35,72.5,23.25,35.74875,13.4975,35.997499999999995,11.0,25.001250000000006,14.001249999999999,12.751249999999999,1.1212499999999999,7.75125,25.251250000000006,30.702500000000004,17.87625,36.50000000000001,48.9725,13.4975,18.125,74.75875,0.99875,6.499999999999999,0.52,1.87625,20.127500000000005,0.095,12.751249999999999,1.8725,77.37625
65,90,2020-12-06,4,1,2020-2021,Caxias do Sul Basquete,UNIFACISA,67.702,19.8,33.601000000000006,14.300999999999998,33.7,10.201,23.499000000000002,12.702000000000002,13.599,0.9369999999999997,6.602000000000001,23.099,28.500000000000007,16.799,35.5,47.454,14.300999999999998,21.098999999999997,66.538,1.099,6.0,0.44699999999999995,2.000000000000001,21.897999999999996,0.10200000000000001,13.599,2.499999999999999,66.5,86.89800000000001,29.4,44.6,12.901,39.099,11.998,27.101000000000006,17.999999999999993,11.8,1.6009999999999998,9.797999999999998,28.2,34.49399999999999,22.300000000000004,41.7,53.803,12.901,17.000999999999998,75.648,1.3,6.999,0.5860000000000001,1.8020000000000003,20.901,0.08999999999999998,11.8,1.7009999999999998,99.09900000000002
85,77,2020-12-07,5,1,2020-2021,Pinheiros,Pato Basquete,76.733,25.8,39.199,11.733999999999998,36.001000000000005,10.934000000000001,25.067,18.602,14.667999999999997,1.315,8.600999999999999,23.399,36.653000000000006,19.601,41.532999999999994,47.92900000000001,11.733999999999998,16.433,71.134,0.899,6.034000000000001,0.41900000000000004,1.735,20.402,0.08399999999999999,14.667999999999997,1.9,83.0,72.2,18.45,38.9,14.85,34.584,11.417,23.168,14.232,12.081999999999999,1.19,6.151000000000001,21.85,27.68300000000001,19.45,43.351000000000006,44.424,14.85,20.6,71.887,0.783,6.984,0.589,1.484,22.167,0.073,12.081999999999999,2.501,72.05
95,58,2020-12-07,5,1,2020-2021,Sesi Franca,VipTech CMB,85.75,28.5,40.6,16.65,39.051,10.601,28.45,20.199,13.751,1.496,9.5,25.601,36.785000000000004,20.3,39.04899999999999,52.093,16.65,19.7,85.645,1.7990000000000002,6.401000000000001,0.48000000000000015,2.599,18.951,0.142,13.751,1.399,102.34900000000002,68.801,28.8,29.201,10.8,37.699,11.901,25.801,15.6,14.700999999999999,1.09,9.601,29.899,32.443,14.599,33.4,43.435,10.8,17.101,62.908,0.7,5.199,0.36299999999999993,2.1990000000000003,20.301,0.11100000000000002,14.700999999999999,2.6,69.4
81,62,2020-12-08,5,1,2020-2021,Bauru Basket,Paulistano,80.566,26.0,39.333,15.232000000000003,34.931999999999995,10.268,24.668000000000006,15.899000000000001,11.868,1.3699999999999999,8.668000000000001,25.532999999999998,34.062999999999995,19.667,38.199,51.762,15.232000000000003,19.734,77.406,1.366,8.901,0.7530000000000001,1.4,20.933,0.07200000000000002,11.868,1.8,89.933,81.30099999999999,26.9,40.666,13.732,39.801,11.466,28.331999999999994,18.000999999999998,13.033000000000001,1.536,8.968,26.2,34.247,20.333999999999996,38.401,53.394000000000005,13.732,17.333000000000002,79.001,2.1,6.031999999999999,0.48699999999999993,2.1670000000000003,18.932,0.11599999999999999,13.033000000000001,2.5,95.36600000000001
80,68,2020-12-08,5,1,2020-2021,São Paulo,Flamengo,97.268,40.6,40.334,16.333000000000002,40.8,10.565999999999999,30.234,19.8,11.166,1.797,13.534,32.166,41.602,20.166000000000004,35.632999999999996,56.512,16.333000000000002,21.732,75.37899999999999,3.6,7.331999999999999,0.7000000000000002,3.0660000000000003,16.767,0.188,11.166,1.968,117.59900000000002,92.333,39.9,34.934,17.499000000000002,44.1,12.7,31.4,22.401,12.666,1.77,13.300999999999998,36.3,36.732000000000006,17.466,31.433999999999997,55.714,17.499000000000002,22.467,77.739,1.232,7.7010000000000005,0.612,2.034,15.267999999999997,0.13200000000000003,12.666,1.967,113.96600000000001
94,74,2020-12-09,5,1,2020-2021,UNIFACISA,Corinthians,86.048,28.2,45.7,12.151,38.648999999999994,11.447999999999999,27.201,17.3,12.15,1.456,9.398,26.5,35.302,22.850000000000005,42.95,53.331999999999994,12.151,16.201,74.861,1.4,7.348999999999999,0.609,1.652,21.401,0.077,12.15,1.501,97.599,77.5,31.2,31.4,14.9,34.0,8.3,25.7,16.4,13.6,1.221,10.4,29.7,34.839,15.7,31.7,49.742,14.9,18.3,81.24699999999999,1.7,6.4,0.47800000000000004,2.5,20.1,0.125,13.6,2.6,84.5
80,79,2020-12-10,5,1,2020-2021,Pato Basquete,Bauru Basket,72.8,19.8,38.8,14.2,35.266999999999996,11.834,23.435000000000002,13.864999999999998,12.465,1.1300000000000001,6.601000000000001,22.2,29.427000000000003,19.4,43.301,44.359,14.2,20.1,70.631,0.866,7.367,0.6039999999999999,1.6670000000000003,21.934000000000005,0.085,12.465,2.8009999999999997,73.1,80.18299999999999,26.65,38.866,14.665000000000001,35.26499999999999,10.385000000000002,24.885,16.099,11.835,1.391,8.885000000000002,25.465999999999998,34.92099999999999,19.434000000000005,38.04899999999999,51.331999999999994,14.665000000000001,18.967000000000002,77.40599999999999,1.433,8.951,0.759,1.25,20.165999999999997,0.06700000000000002,11.835,2.05,90.41600000000001
104,76,2020-12-10,5,1,2020-2021,Flamengo,Paulistano,91.316,40.65,34.367,16.299,44.65,12.75,31.9,21.601,12.483,1.7329999999999999,13.550999999999998,37.1,36.512,17.183,31.116999999999997,55.342,16.299,20.983999999999998,77.84,1.115,7.300999999999999,0.587,2.0669999999999993,15.285,0.13500000000000004,12.483,1.9340000000000004,112.28299999999999,79.601,27.1,39.533,12.965,40.20100000000001,11.933,28.264999999999993,17.301,13.166,1.4769999999999999,9.035,26.7,33.785999999999994,19.766999999999996,38.101000000000006,52.361000000000004,12.965,16.266000000000002,79.178,2.2,5.864999999999999,0.47199999999999986,2.0340000000000003,18.964999999999996,0.10900000000000001,13.166,2.2,92.53299999999999
98,91,2020-12-11,5,1,2020-2021,Mogi,UNIFACISA,81.5,31.05,37.5,12.95,34.95,9.65,25.3,19.55,13.95,1.5750000000000002,10.35,28.1,36.952999999999996,18.75,36.4,51.522000000000006,12.95,17.8,75.069,1.25,7.25,0.562,2.05,21.5,0.096,13.95,2.15,91.1,84.998,27.9,45.4,11.701,38.898999999999994,11.498,27.401,16.7,12.4,1.353,9.297999999999998,25.9,35.806999999999995,22.7,43.0,52.909000000000006,11.701,15.901,73.41900000000001,1.0,7.398999999999999,0.601,1.702,20.801,0.08199999999999999,12.4,1.7009999999999998,96.199
79,72,2020-12-11,5,1,2020-2021,Pinheiros,Caxias do Sul Basquete,75.766,25.9,38.065999999999995,11.8,36.20100000000001,11.067,25.134000000000004,18.035000000000004,14.934999999999999,1.2419999999999998,8.634,23.466,36.68000000000001,19.034,41.599,46.30100000000001,11.8,16.766,70.14399999999999,0.799,6.267,0.42700000000000005,1.8009999999999997,20.535000000000004,0.087,14.934999999999999,2.133,80.76700000000001,67.752,19.95,34.201,13.600999999999999,33.3,10.551,22.749000000000002,12.352,13.749,0.9009999999999998,6.652000000000001,23.299,28.386000000000003,17.099,36.300000000000004,46.997,13.600999999999999,20.598999999999997,65.238,1.049,6.3,0.46299999999999997,1.8500000000000003,21.947999999999997,0.09500000000000001,13.749,2.2,64.95
80,104,2020-12-11,5,1,2020-2021,BRB/Brasília,São Paulo,80.875,33.75,28.9975,18.1275,38.4975,12.9975,25.5,14.9975,16.6275,0.9325,11.2525,35.6225,31.5475,14.5025,31.7525,45.737500000000004,18.1275,24.1225,75.295,0.9975,6.25,0.385,2.1225,18.7475,0.11249999999999999,16.6275,3.2475,78.5,98.13499999999999,41.9,41.467,14.766000000000002,39.6,9.633,29.967000000000002,20.7,10.833,1.9449999999999998,13.967000000000002,32.433,42.797999999999995,20.733000000000004,35.666,57.947,14.766000000000002,19.464999999999996,76.463,3.8,7.664999999999999,0.758,2.9330000000000007,16.034,0.18600000000000003,10.833,2.1350000000000002,120.09900000000002
73,90,2020-12-12,5,1,2020-2021,Bauru Basket,Flamengo,79.79999999999998,27.3,38.398999999999994,14.098000000000003,35.59799999999999,10.502,25.102000000000004,16.299,11.802000000000001,1.4120000000000001,9.102,25.398999999999994,35.778999999999996,19.201000000000004,37.898999999999994,50.901999999999994,14.098000000000003,18.200000000000003,77.40599999999998,1.5,9.001000000000001,0.7649999999999999,1.1,19.398999999999994,0.06200000000000001,11.802000000000001,2.3,90.89900000000002,90.299,41.4,33.8,15.099,45.2,12.8,32.4,20.801,12.3,1.6959999999999997,13.800999999999998,37.9,36.29200000000001,16.9,30.799999999999994,54.96999999999999,15.099,19.500999999999998,77.941,0.998,6.900999999999999,0.5619999999999999,2.099999999999999,15.301999999999998,0.13800000000000004,12.3,1.9009999999999998,110.6
75,68,2020-12-12,5,1,2020-2021,Paulistano,Pato Basquete,77.251,27.3,38.1,11.847999999999999,40.151,12.4,27.747999999999998,17.101,12.748999999999999,1.488,9.102,27.05,33.56499999999999,19.049999999999994,38.70100000000001,49.532,11.847999999999999,14.999,78.546,2.05,5.897999999999999,0.48099999999999987,1.7510000000000006,18.397999999999996,0.09800000000000002,12.748999999999999,2.15,88.64999999999999,72.0,19.2,38.8,14.0,36.89999999999999,12.201,24.702000000000005,13.597999999999999,13.097999999999999,1.04,6.401000000000001,22.2,28.518000000000008,19.4,43.501,44.121,14.0,20.2,69.02900000000001,0.899,7.6,0.595,2.1,21.201000000000004,0.11000000000000001,13.097999999999999,2.8009999999999997,73.0
90,93,2020-12-13,5,1,2020-2021,Sesi Franca,BRB/Brasília,85.6,28.8,40.4,16.4,40.401,10.801,29.6,20.999000000000002,14.200999999999999,1.4920000000000002,9.6,26.000999999999998,36.628,20.2,39.099,51.772000000000006,16.4,19.5,85.194,1.7990000000000002,6.401000000000001,0.45499999999999996,2.7990000000000004,19.000999999999998,0.15199999999999997,14.200999999999999,1.399,103.599,82.0,34.8,29.998,17.202,38.598,12.198,26.4,15.998000000000001,16.002000000000002,1.042,11.602,35.798,32.362,15.001999999999999,33.001999999999995,45.538000000000004,17.202,22.798,75.664,0.798,6.4,0.41200000000000003,1.998,18.398,0.10799999999999998,16.002000000000002,2.598,81.2
80,77,2020-12-13,5,1,2020-2021,Pinheiros,Cerrado,74.799,26.0,36.933,11.866,36.400999999999996,11.2,25.201000000000004,17.468,15.201999999999998,1.169,8.667,23.532999999999998,36.70700000000001,18.467000000000002,41.66499999999999,44.67300000000001,11.866,17.098999999999997,69.154,0.6990000000000001,6.5,0.43499999999999994,1.8670000000000002,20.668,0.09,15.201999999999998,2.366,78.534,73.0,24.333333333333332,35.11,13.553333333333335,36.77555555555555,10.88888888888889,25.890000000000004,14.334444444444443,12.778888888888888,1.1422222222222222,8.112222222222222,25.667777777777783,31.505555555555556,17.556666666666665,36.22222222222223,48.43333333333333,13.553333333333335,18.555555555555557,73.52333333333334,0.9988888888888889,6.444444444444444,0.5133333333333333,2.001111111111111,20.002222222222226,0.10222222222222223,12.778888888888888,1.8866666666666667,78.55666666666667
89,109,2020-12-13,5,1,2020-2021,Caxias do Sul Basquete,São Paulo,69.90200000000002,21.3,35.601,13.001,33.0,10.401,22.599,12.902000000000001,13.899000000000001,0.9299999999999999,7.102000000000001,23.199,30.415,17.799,37.10000000000001,47.919000000000004,13.001,19.899,64.96,0.999,6.1000000000000005,0.44400000000000006,1.6,21.497999999999998,0.08600000000000001,13.899000000000001,2.1,67.3,98.00199999999998,40.5,42.199999999999996,15.299000000000001,37.4,8.3,29.099999999999994,20.2,10.2,2.023,13.5,31.500000000000007,42.49399999999999,21.100000000000005,35.898999999999994,58.549,15.299000000000001,19.697999999999997,78.81,3.6,8.097999999999999,0.833,2.7000000000000006,16.300999999999995,0.16600000000000004,10.2,2.0020000000000002,118.999
85,88,2020-12-14,6,1,2020-2021,Fortaleza B. C. / CFO,Mogi,76.5,23.4,40.199,12.901,36.797999999999995,9.252,27.552000000000003,14.999,12.75,1.1809999999999998,7.801,24.299999999999994,31.88499999999999,20.101000000000006,40.648999999999994,49.293000000000006,12.901,18.4,69.583,1.301,7.5,0.593,3.4479999999999995,21.748999999999995,0.15999999999999998,12.75,2.4520000000000004,83.94900000000001,81.0,31.35,36.7,12.95,34.85,9.2,25.65,20.0,14.35,1.5650000000000002,10.45,27.65,37.854,18.35,36.2,50.648,12.95,17.75,75.28899999999999,1.1,6.95,0.521,2.0,21.65,0.093,14.35,2.35,90.6
84,81,2020-12-15,6,1,2020-2021,Sesi Franca,Caxias do Sul Basquete,85.95,28.35,40.1,17.5,40.400999999999996,11.001000000000001,29.4,21.149,13.700999999999999,1.559,9.45,25.901,36.24,20.05,38.999,51.489999999999995,17.5,21.25,82.54100000000001,1.8990000000000002,6.101000000000001,0.454,2.749,19.451,0.146,13.700999999999999,1.349,103.499,70.852,21.6,35.900999999999996,13.350999999999999,32.8,9.751,23.049,13.251999999999999,14.349,0.9239999999999998,7.202000000000001,23.349,30.725,17.949,35.75000000000001,50.126000000000005,13.350999999999999,19.649,67.39599999999999,1.099,5.750000000000001,0.3970000000000001,1.25,22.198,0.06200000000000001,14.349,2.3,69.3
75,88,2020-12-15,6,1,2020-2021,VipTech CMB,Bauru Basket,71.068,29.8,30.268,11.0,37.399,11.434000000000001,25.968,16.1,14.267999999999997,1.183,9.934,29.899,33.592,15.132,34.267,43.729,11.0,16.901,64.56200000000001,0.7,4.932,0.36,2.1660000000000004,20.168,0.10900000000000001,14.267999999999997,2.6,72.4,81.44999999999999,28.5,39.29899999999999,13.648,35.297999999999995,9.952000000000002,25.352000000000004,16.799,11.502,1.5010000000000001,9.502,26.098999999999997,36.338,19.651000000000003,36.949,53.48899999999999,13.648,17.750000000000004,76.71099999999998,1.45,9.001000000000001,0.7849999999999999,1.0,19.848999999999997,0.053000000000000005,11.502,2.35,94.049
91,83,2020-12-15,6,1,2020-2021,São Paulo,Cerrado,96.55199999999999,37.8,43.8,14.949000000000002,37.1,8.6,28.499999999999993,19.15,9.9,1.9760000000000002,12.6,30.300000000000004,41.617999999999995,21.9,36.898999999999994,59.553999999999995,14.949000000000002,18.547999999999995,81.01,3.75,8.398,0.8640000000000001,2.8000000000000007,16.551,0.17100000000000007,9.9,1.8519999999999999,117.799,73.2,24.6,35.599000000000004,12.998000000000001,36.397999999999996,10.85,25.551000000000005,14.401,12.501,1.178,8.200999999999999,25.251000000000005,32.541000000000004,17.801,36.7,48.467999999999996,12.998000000000001,18.25,71.33200000000001,0.999,6.1499999999999995,0.497,1.9009999999999998,19.852000000000004,0.097,12.501,1.998,78.351
74,80,2020-12-16,6,1,2020-2021,Mogi,Minas,81.15,32.25,35.6,13.3,35.05,9.1,25.95,20.4,14.55,1.574,10.75,27.9,38.635999999999996,17.8,35.25,50.40400000000001,13.3,17.75,77.181,1.15,6.8,0.504,2.0,21.5,0.094,14.55,2.45,91.8,88.50099999999999,28.5,43.39999999999999,16.598,39.85,10.549000000000001,29.301,20.248999999999995,13.648,1.495,9.5,25.752000000000002,36.904,21.700000000000006,39.050000000000004,55.569,16.598,21.35,76.087,1.549,7.3,0.5350000000000001,2.149,21.852000000000004,0.099,13.648,2.6989999999999994,106.05
103,101,2020-12-17,6,1,2020-2021,Paulistano,VipTech CMB,78.101,28.8,38.2,11.097999999999999,41.400999999999996,13.2,28.197999999999997,17.500999999999998,11.799,1.611,9.602,28.8,33.225,19.1,39.601,48.20099999999999,11.097999999999999,14.599,76.536,1.9,5.997999999999999,0.5149999999999999,1.8009999999999997,18.097999999999995,0.10200000000000001,11.799,2.2,89.79999999999998,74.13499999999999,30.8,32.935,10.4,38.299,11.767,26.535000000000004,17.2,13.934999999999997,1.31,10.267,30.099,34.537,16.464999999999996,35.434000000000005,46.148,10.4,16.201,64.23800000000001,0.8,4.765,0.36,1.9329999999999998,20.235000000000003,0.096,13.934999999999997,2.4,77.8
74,103,2020-12-18,6,1,2020-2021,BRB/Brasília,Flamengo,82.66666666666667,35.5,30.831666666666667,16.335,38.998333333333335,12.248333333333335,26.75,16.665000000000003,16.50166666666667,1.0433333333333332,11.834999999999999,35.748333333333335,33.071666666666665,15.418333333333331,33.41833333333333,46.165,16.335,22.248333333333335,73.31,0.665,6.416666666666667,0.39999999999999997,1.9983333333333333,18.915,0.10499999999999998,16.50166666666667,2.4983333333333335,82.41666666666667,90.799,41.95,34.333,14.516,44.7,12.65,32.05,21.184,12.067,1.765,13.984,38.3,36.426,17.166999999999998,30.633,56.149,14.516,18.650999999999996,78.081,1.0150000000000001,7.134,0.594,1.9329999999999998,15.285,0.12700000000000006,12.067,2.151,111.76699999999998
92,85,2020-12-19,6,1,2020-2021,UNIFACISA,Sesi Franca,85.948,28.65,44.8,12.501000000000001,39.349,11.447999999999999,27.901,16.55,12.65,1.315,9.547999999999998,26.3,36.166999999999994,22.4,42.099999999999994,53.364,12.501000000000001,16.801,73.91900000000001,1.0,7.348999999999999,0.5840000000000002,1.702,20.701,0.082,12.65,1.8509999999999998,97.499,86.1,29.25,39.5,17.35,39.601,10.901,28.7,21.149,13.550999999999998,1.5810000000000002,9.75,26.601,36.419,19.75,38.349000000000004,51.575,17.35,21.35,81.59,1.6490000000000002,6.201,0.469,2.849,19.451,0.15100000000000002,13.550999999999998,1.449,102.899
96,92,2020-12-19,6,1,2020-2021,Minas,São Paulo,89.60099999999998,30.0,42.599999999999994,16.997999999999998,40.0,11.399000000000001,28.601,20.599,13.598000000000003,1.536,10.0,26.302000000000003,38.267,21.3,38.900000000000006,54.763999999999996,16.997999999999998,21.8,76.309,1.6990000000000003,7.3,0.5370000000000001,2.2990000000000004,22.002000000000002,0.10600000000000001,13.598000000000003,2.7989999999999995,107.5,95.00199999999998,36.6,42.99999999999999,15.399000000000001,36.2,8.9,27.299999999999994,18.3,10.0,1.8780000000000001,12.2,29.500000000000007,41.56999999999999,21.5,37.199,57.723,15.399000000000001,18.897999999999996,81.85900000000001,3.5,7.998,0.8190000000000002,2.7000000000000006,16.801,0.16300000000000006,10.0,2.002,113.699
